2.531545741324921295e+01 2.547318611987381587e+01 3.706624605678233486e+00 2.058359621451104005e+01 2.492113564668769854e+01
2.216560509554140168e+01 2.331210191082802652e+01 8.662420382165604948e+00 2.267515923566879010e+01 2.318471337579617852e+01
2.477744807121661808e+01 2.418397626112759724e+01 9.792284866468841997e+00 2.062314540059347223e+01 2.062314540059347223e+01
2.664670658682634752e+01 2.275449101796407092e+01 0.000000000000000000e+00 2.589820359281437234e+01 2.470059880239520922e+01
2.434367541766109611e+01 2.267303102625298195e+01 1.002386634844868674e+01 2.004773269689737347e+01 2.291169451073985641e+01
2.417355371900826455e+01 2.685950413223140387e+01 1.239669421487603396e+00 2.231404958677686068e+01 2.541322314049586950e+01
2.018779342723004788e+01 2.488262910798122007e+01 0.000000000000000000e+00 2.441314553990610392e+01 3.051643192488262812e+01
2.392694063926940728e+01 2.173515981735159741e+01 5.296803652968036680e+00 2.374429223744292372e+01 2.529680365296803757e+01
2.666666666666666785e+01 2.000000000000000000e+01 0.000000000000000000e+00 2.666666666666666785e+01 2.666666666666666785e+01
2.687074829931972886e+01 2.380952380952381020e+01 0.000000000000000000e+00 1.938775510204081698e+01 2.993197278911564752e+01
3.979057591623036672e+01 2.687609075043630114e+01 0.000000000000000000e+00 0.000000000000000000e+00 3.333333333333333570e+01
3.285714285714285410e+01 2.984126984126984183e+01 1.587301587301587213e-01 8.571428571428571175e+00 2.857142857142857295e+01
3.280507131537242316e+01 3.153724247226624300e+01 1.584786053882725754e-01 1.267828843106180603e+00 3.423137876386687850e+01
3.777520278099652273e+01 2.468134414831981616e+01 0.000000000000000000e+00 3.186558516801853980e+00 3.435689455388180846e+01
4.453248811410459496e+01 1.553090332805071228e+01 1.584786053882725754e-01 1.426307448494453345e+00 3.835182250396196224e+01
7.312206572769953539e+01 5.164319248826291009e+00 0.000000000000000000e+00 1.408450704225352013e+00 2.030516431924882781e+01
3.065693430656934382e+01 3.240875912408758808e+01 0.000000000000000000e+00 5.401459854014598605e+00 3.153284671532846772e+01
3.089430894308943110e+01 3.760162601626016254e+01 0.000000000000000000e+00 0.000000000000000000e+00 3.150406504065040636e+01
9.084014002333722715e+01 4.667444574095682697e-01 0.000000000000000000e+00 0.000000000000000000e+00 8.693115519253208134e+00
6.844262295081966840e+01 5.122950819672131395e+00 0.000000000000000000e+00 0.000000000000000000e+00 2.643442622950819754e+01
1.000000000000000000e+02 0.000000000000000000e+00 0.000000000000000000e+00 0.000000000000000000e+00 0.000000000000000000e+00
3.072289156626505857e+01 3.855421686746988286e+01 0.000000000000000000e+00 0.000000000000000000e+00 3.072289156626505857e+01
9.222222222222222854e+01 3.888888888888888840e+00 0.000000000000000000e+00 0.000000000000000000e+00 3.888888888888888840e+00
9.510869565217390686e+01 2.717391304347826164e+00 0.000000000000000000e+00 0.000000000000000000e+00 2.173913043478260754e+00
3.774104683195592003e+01 2.451790633608815284e+01 0.000000000000000000e+00 0.000000000000000000e+00 3.774104683195592003e+01
9.862700228832952121e+01 6.864988558352402848e-01 0.000000000000000000e+00 0.000000000000000000e+00 6.864988558352402848e-01
3.571428571428571530e+01 3.110599078341013879e+01 0.000000000000000000e+00 1.152073732718893906e+00 3.202764976958525267e+01
5.078651685393258219e+01 4.494382022471909988e-01 0.000000000000000000e+00 0.000000000000000000e+00 4.876404494382022392e+01
5.835189309576837502e+01 0.000000000000000000e+00 0.000000000000000000e+00 0.000000000000000000e+00 4.164810690423162498e+01
8.810289389067524723e+01 0.000000000000000000e+00 0.000000000000000000e+00 0.000000000000000000e+00 1.189710610932475809e+01
6.770601336302895845e+01 6.458797327394209198e+00 0.000000000000000000e+00 0.000000000000000000e+00 2.583518930957683679e+01
1.000000000000000000e+02 0.000000000000000000e+00 0.000000000000000000e+00 0.000000000000000000e+00 0.000000000000000000e+00
9.907621247113164031e+01 2.309468822170900604e-01 0.000000000000000000e+00 0.000000000000000000e+00 6.928406466512702089e-01
1.000000000000000000e+02 0.000000000000000000e+00 0.000000000000000000e+00 0.000000000000000000e+00 0.000000000000000000e+00
9.982817869415806911e+01 0.000000000000000000e+00 0.000000000000000000e+00 0.000000000000000000e+00 1.718213058419243988e-01
1.000000000000000000e+02 0.000000000000000000e+00 0.000000000000000000e+00 0.000000000000000000e+00 0.000000000000000000e+00
1.000000000000000000e+02 0.000000000000000000e+00 0.000000000000000000e+00 0.000000000000000000e+00 0.000000000000000000e+00
1.000000000000000000e+02 0.000000000000000000e+00 0.000000000000000000e+00 0.000000000000000000e+00 0.000000000000000000e+00
1.000000000000000000e+02 0.000000000000000000e+00 0.000000000000000000e+00 0.000000000000000000e+00 0.000000000000000000e+00
1.000000000000000000e+02 0.000000000000000000e+00 0.000000000000000000e+00 0.000000000000000000e+00 0.000000000000000000e+00
1.000000000000000000e+02 0.000000000000000000e+00 0.000000000000000000e+00 0.000000000000000000e+00 0.000000000000000000e+00
1.000000000000000000e+02 0.000000000000000000e+00 0.000000000000000000e+00 0.000000000000000000e+00 0.000000000000000000e+00
1.000000000000000000e+02 0.000000000000000000e+00 0.000000000000000000e+00 0.000000000000000000e+00 0.000000000000000000e+00
1.000000000000000000e+02 0.000000000000000000e+00 0.000000000000000000e+00 0.000000000000000000e+00 0.000000000000000000e+00
1.000000000000000000e+02 0.000000000000000000e+00 0.000000000000000000e+00 0.000000000000000000e+00 0.000000000000000000e+00
1.000000000000000000e+02 0.000000000000000000e+00 0.000000000000000000e+00 0.000000000000000000e+00 0.000000000000000000e+00
1.000000000000000000e+02 0.000000000000000000e+00 0.000000000000000000e+00 0.000000000000000000e+00 0.000000000000000000e+00
1.568627450980392091e+01 1.960784313725490335e+01 3.137254901960784181e+01 2.156862745098039369e+01 1.176470588235294201e+01
2.047244094488188892e+01 1.732283464566929254e+01 1.574803149606299257e+01 2.677165354330708524e+01 1.968503937007874072e+01
2.029411764705882248e+01 2.500000000000000000e+01 1.764705882352941302e+01 1.705882352941176450e+01 2.000000000000000000e+01
2.259887005649717651e+01 2.316384180790960556e+01 1.751412429378531144e+01 2.203389830508474745e+01 1.468926553672316437e+01
2.345679012345679126e+01 2.469135802469135754e+01 5.864197530864197816e+00 2.242798353909465092e+01 2.355967078189300423e+01
3.312693498452012619e+01 2.987616099071207287e+01 0.000000000000000000e+00 6.656346749226005777e+00 3.034055727554179427e+01
2.388663967611336147e+01 2.186234817813765119e+01 5.263157894736842479e+00 2.591093117408906821e+01 2.307692307692307665e+01
2.343572241183162674e+01 2.605233219567690384e+01 3.697383390216154808e+00 2.053469852104664284e+01 2.627986348122867000e+01
6.065573770491803174e+01 1.020036429872495454e+01 0.000000000000000000e+00 0.000000000000000000e+00 2.914389799635701195e+01
2.341197822141560891e+01 2.232304900181488350e+01 8.166969147005444185e+00 2.250453720508166811e+01 2.359346642468239708e+01
2.277227722772277119e+01 3.069306930693069191e+01 9.900990099009900902e-01 2.178217821782178376e+01 2.376237623762376217e+01
2.630385487528344512e+01 2.471655328798185991e+01 9.070294784580499314e-01 1.927437641723356165e+01 2.879818594104308360e+01
3.650793650793650613e+01 2.899470899470899354e+01 0.000000000000000000e+00 1.693121693121693028e+00 3.280423280423280374e+01
2.463768115942028913e+01 2.298136645962732771e+01 8.281573498964803770e-01 2.608695652173912904e+01 2.546583850931677162e+01
2.660944206008583635e+01 2.768240343347639509e+01 2.145922746781115942e-01 1.609442060085837056e+01 2.939914163090128696e+01
7.540792540792540422e+01 8.158508158508158692e-01 0.000000000000000000e+00 0.000000000000000000e+00 2.377622377622377670e+01
1.000000000000000000e+02 0.000000000000000000e+00 0.000000000000000000e+00 0.000000000000000000e+00 0.000000000000000000e+00
3.092783505154639201e+01 2.577319587628866060e+01 1.030927835051546282e+00 5.154639175257732298e+00 3.711340206185567325e+01
2.129629629629629761e+01 2.222222222222222143e+01 1.111111111111111072e+01 2.407407407407407263e+01 2.129629629629629761e+01
2.264150943396226268e+01 2.578616352201257911e+01 0.000000000000000000e+00 2.169811320754716988e+01 2.987421383647798834e+01
2.658486707566462215e+01 3.333333333333333570e+01 0.000000000000000000e+00 7.975460122699386645e+00 3.210633946830265728e+01
2.046109510086455430e+01 2.622478386167146880e+01 0.000000000000000000e+00 2.507204610951008661e+01 2.824207492795389030e+01
3.078758949880668183e+01 2.983293556085918752e+01 2.386634844868734950e-01 6.443914081145584838e+00 3.269689737470167046e+01
1.000000000000000000e+02 0.000000000000000000e+00 0.000000000000000000e+00 0.000000000000000000e+00 0.000000000000000000e+00
3.939393939393939092e+01 2.727272727272727337e+01 0.000000000000000000e+00 3.030303030303030276e+00 3.030303030303030454e+01
3.274559193954659975e+01 3.526448362720402940e+01 0.000000000000000000e+00 0.000000000000000000e+00 3.198992443324937085e+01
1.000000000000000000e+02 0.000000000000000000e+00 0.000000000000000000e+00 0.000000000000000000e+00 0.000000000000000000e+00
3.342776203966005966e+01 3.059490084985835523e+01 0.000000000000000000e+00 0.000000000000000000e+00 3.597733711048158511e+01
3.560975609756097526e+01 2.146341463414634276e+01 0.000000000000000000e+00 0.000000000000000000e+00 4.292682926829268553e+01
4.038638454461821681e+01 2.272309107635694403e+01 0.000000000000000000e+00 1.471941122355105769e+00 3.541858325666973428e+01
5.857142857142856940e+01 4.285714285714285587e+00 0.000000000000000000e+00 0.000000000000000000e+00 3.714285714285714590e+01
1.000000000000000000e+02 0.000000000000000000e+00 0.000000000000000000e+00 0.000000000000000000e+00 0.000000000000000000e+00
3.309352517985611541e+01 3.525179856115107668e+01 0.000000000000000000e+00 1.438848920863309289e+00 3.021582733812949684e+01
4.909090909090909349e+01 7.272727272727272485e+00 0.000000000000000000e+00 0.000000000000000000e+00 4.363636363636363313e+01
6.495956873315364533e+01 0.000000000000000000e+00 0.000000000000000000e+00 0.000000000000000000e+00 3.504043126684636178e+01
9.670329670329670080e+01 0.000000000000000000e+00 0.000000000000000000e+00 0.000000000000000000e+00 3.296703296703296537e+00
5.820000000000000284e+01 1.119999999999999929e+01 0.000000000000000000e+00 0.000000000000000000e+00 3.060000000000000142e+01
1.000000000000000000e+02 0.000000000000000000e+00 0.000000000000000000e+00 0.000000000000000000e+00 0.000000000000000000e+00
7.234375000000000000e+01 2.656250000000000000e+00 0.000000000000000000e+00 7.812500000000000000e-01 2.421875000000000000e+01
1.000000000000000000e+02 0.000000000000000000e+00 0.000000000000000000e+00 0.000000000000000000e+00 0.000000000000000000e+00
9.610778443113773051e+01 8.982035928143712322e-01 0.000000000000000000e+00 2.994011976047903922e-01 2.694610778443113919e+00
1.000000000000000000e+02 0.000000000000000000e+00 0.000000000000000000e+00 0.000000000000000000e+00 0.000000000000000000e+00
1.000000000000000000e+02 0.000000000000000000e+00 0.000000000000000000e+00 0.000000000000000000e+00 0.000000000000000000e+00
9.778481012658227201e+01 4.746835443037974445e-01 0.000000000000000000e+00 1.582278481012658333e-01 1.582278481012658222e+00
1.000000000000000000e+02 0.000000000000000000e+00 0.000000000000000000e+00 0.000000000000000000e+00 0.000000000000000000e+00
9.910913140311804170e+01 0.000000000000000000e+00 0.000000000000000000e+00 0.000000000000000000e+00 8.908685968819599621e-01
1.000000000000000000e+02 0.000000000000000000e+00 0.000000000000000000e+00 0.000000000000000000e+00 0.000000000000000000e+00
1.000000000000000000e+02 0.000000000000000000e+00 0.000000000000000000e+00 0.000000000000000000e+00 0.000000000000000000e+00
1.000000000000000000e+02 0.000000000000000000e+00 0.000000000000000000e+00 0.000000000000000000e+00 0.000000000000000000e+00
1.000000000000000000e+02 0.000000000000000000e+00 0.000000000000000000e+00 0.000000000000000000e+00 0.000000000000000000e+00
1.000000000000000000e+02 0.000000000000000000e+00 0.000000000000000000e+00 0.000000000000000000e+00 0.000000000000000000e+00
1.000000000000000000e+02 0.000000000000000000e+00 0.000000000000000000e+00 0.000000000000000000e+00 0.000000000000000000e+00
1.000000000000000000e+02 0.000000000000000000e+00 0.000000000000000000e+00 0.000000000000000000e+00 0.000000000000000000e+00
1.978021978021978100e+01 2.747252747252747085e+01 1.648351648351648180e+01 1.721611721611721535e+01 1.904761904761904745e+01
2.474226804123711432e+01 2.164948453608247547e+01 1.752577319587629034e+01 1.855670103092783663e+01 1.752577319587629034e+01
1.691176470588235148e+01 2.205882352941176450e+01 2.058823529411764852e+01 2.279411764705882248e+01 1.764705882352941302e+01
2.453987730061349737e+01 2.331288343558282250e+01 1.288343558282208612e+01 2.085889570552147276e+01 1.840490797546012303e+01
2.489082969432314485e+01 1.768558951965065518e+01 1.724890829694323102e+01 2.292576419213973793e+01 1.724890829694323102e+01
2.266009852216748754e+01 2.463054187192118150e+01 8.374384236453202845e+00 2.389162561576354804e+01 2.044334975369458007e+01
2.679127725856697850e+01 2.305295950155763407e+01 3.271028037383177711e+00 2.320872274143302150e+01 2.367601246105919088e+01
2.477732793522267229e+01 2.493927125506072784e+01 3.319838056680161742e+00 2.097165991902834037e+01 2.599190283400809776e+01
3.804651162790697327e+01 2.400000000000000000e+01 0.000000000000000000e+00 5.581395348837209225e-01 3.739534883720930480e+01
3.030303030303030454e+01 2.929292929292929415e+01 1.010101010101010166e+00 1.313131313131313149e+01 2.626262626262626299e+01
8.764783180026280718e+01 0.000000000000000000e+00 0.000000000000000000e+00 0.000000000000000000e+00 1.235216819973718749e+01
2.562500000000000000e+01 2.187500000000000000e+01 6.875000000000000000e+00 2.187500000000000000e+01 2.375000000000000000e+01
2.352941176470588402e+01 2.552342971086739709e+01 3.290129611166500379e+00 2.253240279162512394e+01 2.512462612163509590e+01
2.824427480916030575e+01 3.206106870229007910e+01 0.000000000000000000e+00 1.297709923664122122e+01 2.671755725190839570e+01
3.143851508120649640e+01 2.656612529002320144e+01 3.480278422273782035e-01 1.310904872389791187e+01 2.853828306264501080e+01
2.302158273381294862e+01 3.309352517985611541e+01 0.000000000000000000e+00 1.942446043165467628e+01 2.446043165467625968e+01
3.197916666666666785e+01 3.135416666666666785e+01 0.000000000000000000e+00 4.895833333333333037e+00 3.177083333333333215e+01
2.968750000000000000e+01 3.281250000000000000e+01 0.000000000000000000e+00 0.000000000000000000e+00 3.750000000000000000e+01
3.030303030303030454e+01 2.828282828282828376e+01 0.000000000000000000e+00 1.010101010101010033e+01 3.131313131313131137e+01
2.388316151202749182e+01 2.268041237113402175e+01 0.000000000000000000e+00 2.577319587628866060e+01 2.766323024054982938e+01
2.870588235294117752e+01 2.305882352941176450e+01 0.000000000000000000e+00 2.070588235294117752e+01 2.752941176470588402e+01
3.661971830985915233e+01 2.957746478873239582e+01 0.000000000000000000e+00 7.042253521126760951e+00 2.676056338028169179e+01
3.333333333333333570e+01 2.968036529680365376e+01 0.000000000000000000e+00 4.337899543378995304e+00 3.264840182648401878e+01
3.560975609756097526e+01 2.536585365853658658e+01 0.000000000000000000e+00 1.707317073170731669e+00 3.731707317073171026e+01
8.075040783034258141e+01 2.664491571506253376e+00 0.000000000000000000e+00 0.000000000000000000e+00 1.658510059815116833e+01
3.423728813559321793e+01 3.288135593220339103e+01 5.084745762711864181e-01 6.949152542372881491e+00 2.542372881355932179e+01
3.312500000000000000e+01 3.125000000000000000e+01 0.000000000000000000e+00 0.000000000000000000e+00 3.562500000000000000e+01
3.102493074792243632e+01 3.240997229916897737e+01 0.000000000000000000e+00 0.000000000000000000e+00 3.656509695290858986e+01
1.000000000000000000e+02 0.000000000000000000e+00 0.000000000000000000e+00 0.000000000000000000e+00 0.000000000000000000e+00
3.359528487229862748e+01 3.398821218074656514e+01 0.000000000000000000e+00 0.000000000000000000e+00 3.241650294695481449e+01
1.000000000000000000e+02 0.000000000000000000e+00 0.000000000000000000e+00 0.000000000000000000e+00 0.000000000000000000e+00
1.000000000000000000e+02 0.000000000000000000e+00 0.000000000000000000e+00 0.000000000000000000e+00 0.000000000000000000e+00
3.762886597938144462e+01 2.345360824742267880e+01 0.000000000000000000e+00 0.000000000000000000e+00 3.891752577319587658e+01
4.453125000000000000e+01 2.031250000000000000e+01 0.000000000000000000e+00 0.000000000000000000e+00 3.515625000000000000e+01
5.813008130081301061e+01 2.235772357723577297e+00 0.000000000000000000e+00 0.000000000000000000e+00 3.963414634146341342e+01
7.983870967741935942e+01 0.000000000000000000e+00 0.000000000000000000e+00 0.000000000000000000e+00 2.016129032258064413e+01
7.623440043407487110e+01 6.185567010309278579e+00 0.000000000000000000e+00 2.712967986977753432e-01 1.730873575691806820e+01
5.011389521640091260e+01 7.289293849658314173e+00 0.000000000000000000e+00 0.000000000000000000e+00 4.259681093394077323e+01
9.763779527559054827e+01 0.000000000000000000e+00 0.000000000000000000e+00 0.000000000000000000e+00 2.362204724409448620e+00
9.123287671232876050e+01 0.000000000000000000e+00 0.000000000000000000e+00 0.000000000000000000e+00 8.767123287671232390e+00
1.000000000000000000e+02 0.000000000000000000e+00 0.000000000000000000e+00 0.000000000000000000e+00 0.000000000000000000e+00
9.739336492890994634e+01 0.000000000000000000e+00 0.000000000000000000e+00 0.000000000000000000e+00 2.606635071090047440e+00
9.806201550387596910e+01 0.000000000000000000e+00 0.000000000000000000e+00 0.000000000000000000e+00 1.937984496124030898e+00
1.000000000000000000e+02 0.000000000000000000e+00 0.000000000000000000e+00 0.000000000000000000e+00 0.000000000000000000e+00
9.935897435897436480e+01 0.000000000000000000e+00 0.000000000000000000e+00 0.000000000000000000e+00 6.410256410256410797e-01
1.000000000000000000e+02 0.000000000000000000e+00 0.000000000000000000e+00 0.000000000000000000e+00 0.000000000000000000e+00
1.000000000000000000e+02 0.000000000000000000e+00 0.000000000000000000e+00 0.000000000000000000e+00 0.000000000000000000e+00
1.000000000000000000e+02 0.000000000000000000e+00 0.000000000000000000e+00 0.000000000000000000e+00 0.000000000000000000e+00
1.000000000000000000e+02 0.000000000000000000e+00 0.000000000000000000e+00 0.000000000000000000e+00 0.000000000000000000e+00
1.000000000000000000e+02 0.000000000000000000e+00 0.000000000000000000e+00 0.000000000000000000e+00 0.000000000000000000e+00
1.000000000000000000e+02 0.000000000000000000e+00 0.000000000000000000e+00 0.000000000000000000e+00 0.000000000000000000e+00
1.000000000000000000e+02 0.000000000000000000e+00 0.000000000000000000e+00 0.000000000000000000e+00 0.000000000000000000e+00
2.008368200836819994e+01 1.987447698744770008e+01 1.778242677824267659e+01 2.008368200836819994e+01 2.217573221757322344e+01
2.068965517241379359e+01 1.839080459770114828e+01 2.011494252873563227e+01 1.896551724137930961e+01 2.183908045977011625e+01
2.158730158730158877e+01 2.380952380952381020e+01 8.253968253968254842e+00 2.095238095238095255e+01 2.539682539682539542e+01
2.658227848101265778e+01 2.816455696202531556e+01 0.000000000000000000e+00 1.962025316455696355e+01 2.563291139240506311e+01
2.167487684729064057e+01 2.142857142857142705e+01 1.108374384236453203e+01 2.216748768472906406e+01 2.364532019704433452e+01
2.444987775061124680e+01 2.860635696821515950e+01 9.779951100244498319e-01 2.371638141809290801e+01 2.224938875305623398e+01
2.245922208281054111e+01 2.459222082810539689e+01 6.524466750313676400e+00 2.296110414052697735e+01 2.346298619824341358e+01
2.330168005843681556e+01 2.490869247626004324e+01 4.236669101533966142e+00 2.366691015339663906e+01 2.388604821037253600e+01
2.244897959183673564e+01 3.061224489795918302e+01 2.040816326530612290e+00 2.244897959183673564e+01 2.244897959183673564e+01
2.406250000000000000e+01 2.781250000000000000e+01 0.000000000000000000e+00 2.250000000000000000e+01 2.562500000000000000e+01
2.664835164835164960e+01 2.362637362637362770e+01 8.241758241758241343e-01 2.087912087912087955e+01 2.802197802197802190e+01
2.979515828677839906e+01 2.681564245810055880e+01 0.000000000000000000e+00 1.322160148975791394e+01 3.016759776536312998e+01
2.225913621262458619e+01 2.940199335548172854e+01 0.000000000000000000e+00 2.209302325581395365e+01 2.624584717607973516e+01
4.260136914165349964e+01 2.080042127435492461e+01 0.000000000000000000e+00 5.265929436545550152e-02 3.654555028962612084e+01
2.648221343873517952e+01 3.043478260869565233e+01 0.000000000000000000e+00 1.304347826086956452e+01 3.003952569169960540e+01
9.838709677419355160e+01 0.000000000000000000e+00 0.000000000000000000e+00 0.000000000000000000e+00 1.612903225806451513e+00
3.021077283372365230e+01 3.185011709601873520e+01 0.000000000000000000e+00 6.088992974238875533e+00 3.185011709601873520e+01
3.754940711462450764e+01 2.806324110671936722e+01 0.000000000000000000e+00 0.000000000000000000e+00 3.438735177865612513e+01
3.732718894009216370e+01 2.534562211981566904e+01 0.000000000000000000e+00 0.000000000000000000e+00 3.732718894009216370e+01
3.375156838143036708e+01 3.036386449184441716e+01 0.000000000000000000e+00 8.030112923462986885e+00 2.785445420326223243e+01
4.822485207100591964e+01 3.550295857988165604e+00 0.000000000000000000e+00 0.000000000000000000e+00 4.822485207100591964e+01
3.043478260869565233e+01 2.439613526570048307e+01 2.415458937198067535e-01 1.400966183574879231e+01 3.091787439613526445e+01
1.000000000000000000e+02 0.000000000000000000e+00 0.000000000000000000e+00 0.000000000000000000e+00 0.000000000000000000e+00
2.836538461538461675e+01 3.389423076923076650e+01 0.000000000000000000e+00 3.846153846153846256e+00 3.389423076923076650e+01
7.365684575389947497e+01 0.000000000000000000e+00 0.000000000000000000e+00 0.000000000000000000e+00 2.634315424610052148e+01
3.824289405684754684e+01 2.454780361757105922e+01 0.000000000000000000e+00 0.000000000000000000e+00 3.720930232558139750e+01
4.101040118870728435e+01 2.005943536404160454e+01 0.000000000000000000e+00 0.000000000000000000e+00 3.893016344725111111e+01
3.555240793201133442e+01 3.016997167138810099e+01 0.000000000000000000e+00 1.699716713881019858e+00 3.257790368271954407e+01
5.575620767494356755e+01 1.072234762979683964e+01 1.128668171557562078e-01 2.257336343115124155e-01 3.318284424379232433e+01
9.587155963302751616e+01 0.000000000000000000e+00 0.000000000000000000e+00 0.000000000000000000e+00 4.128440366972476738e+00
8.567164179104477739e+01 1.194029850746268551e+00 0.000000000000000000e+00 0.000000000000000000e+00 1.313432835820895583e+01
8.781321184510250077e+01 0.000000000000000000e+00 0.000000000000000000e+00 0.000000000000000000e+00 1.218678815489749390e+01
1.000000000000000000e+02 0.000000000000000000e+00 0.000000000000000000e+00 0.000000000000000000e+00 0.000000000000000000e+00
1.000000000000000000e+02 0.000000000000000000e+00 0.000000000000000000e+00 0.000000000000000000e+00 0.000000000000000000e+00
9.601386481802425976e+01 1.213171577123050238e+00 0.000000000000000000e+00 0.000000000000000000e+00 2.772963604852686448e+00
7.445255474452554267e+01 4.136253041362530247e+00 0.000000000000000000e+00 0.000000000000000000e+00 2.141119221411192086e+01
9.941060903732810061e+01 1.964636542239685535e-01 0.000000000000000000e+00 0.000000000000000000e+00 3.929273084479371070e-01
1.000000000000000000e+02 0.000000000000000000e+00 0.000000000000000000e+00 0.000000000000000000e+00 0.000000000000000000e+00
9.926108374384236299e+01 0.000000000000000000e+00 0.000000000000000000e+00 0.000000000000000000e+00 7.389162561576354538e-01
9.945454545454545325e+01 1.818181818181818232e-01 0.000000000000000000e+00 0.000000000000000000e+00 3.636363636363636465e-01
1.000000000000000000e+02 0.000000000000000000e+00 0.000000000000000000e+00 0.000000000000000000e+00 0.000000000000000000e+00
1.000000000000000000e+02 0.000000000000000000e+00 0.000000000000000000e+00 0.000000000000000000e+00 0.000000000000000000e+00
1.000000000000000000e+02 0.000000000000000000e+00 0.000000000000000000e+00 0.000000000000000000e+00 0.000000000000000000e+00
1.000000000000000000e+02 0.000000000000000000e+00 0.000000000000000000e+00 0.000000000000000000e+00 0.000000000000000000e+00
1.000000000000000000e+02 0.000000000000000000e+00 0.000000000000000000e+00 0.000000000000000000e+00 0.000000000000000000e+00
1.000000000000000000e+02 0.000000000000000000e+00 0.000000000000000000e+00 0.000000000000000000e+00 0.000000000000000000e+00
1.000000000000000000e+02 0.000000000000000000e+00 0.000000000000000000e+00 0.000000000000000000e+00 0.000000000000000000e+00
2.366589327146171584e+01 2.227378190255220503e+01 6.960556844547563848e+00 2.366589327146171584e+01 2.343387470997679856e+01
2.109890109890109855e+01 2.021978021978021900e+01 1.604395604395604380e+01 2.241758241758241610e+01 2.021978021978021900e+01
2.280219780219780290e+01 2.719780219780219710e+01 1.648351648351648269e+00 2.335164835164835040e+01 2.500000000000000000e+01
2.421875000000000000e+01 2.343750000000000000e+01 1.328125000000000000e+01 1.796875000000000000e+01 2.109375000000000000e+01
2.360742705570291733e+01 1.750663129973474952e+01 1.220159151193633917e+01 2.254641909814323597e+01 2.413793103448275801e+01
2.697072072072072046e+01 2.713963963963963977e+01 3.265765765765765938e+00 1.655405405405405261e+01 2.606981981981981988e+01
2.403669724770642091e+01 2.293577981651376163e+01 7.339449541284404077e+00 2.568807339449541161e+01 2.000000000000000000e+01
3.813488759367194092e+01 2.106577851790174805e+01 0.000000000000000000e+00 0.000000000000000000e+00 4.079933388842631103e+01
2.223903177004538634e+01 2.632375189107413149e+01 3.328290468986384365e+00 2.027231467473524873e+01 2.783661119515884863e+01
2.642967542503863854e+01 2.766615146831530225e+01 0.000000000000000000e+00 1.591962905718701649e+01 2.998454404945904272e+01
2.438563327032136030e+01 2.400756143667296882e+01 0.000000000000000000e+00 2.381852551984876953e+01 2.778827977315690134e+01
3.092621664050235353e+01 3.202511773940345563e+01 0.000000000000000000e+00 0.000000000000000000e+00 3.704866562009419084e+01
2.819499341238471501e+01 2.911725955204216021e+01 3.952569169960474249e-01 1.396574440052700972e+01 2.832674571805006636e+01
2.203947368421052744e+01 2.993421052631579116e+01 0.000000000000000000e+00 1.776315789473684248e+01 3.026315789473684248e+01
3.563218390804597391e+01 2.827586206896551602e+01 0.000000000000000000e+00 4.367816091954023427e+00 3.172413793103448398e+01
3.182711198428290800e+01 2.868369351669941025e+01 0.000000000000000000e+00 1.119842829076620738e+01 2.829076620825147259e+01
2.870090634441087474e+01 3.534743202416918706e+01 0.000000000000000000e+00 5.438066465256797599e+00 3.051359516616314238e+01
3.394495412844036508e+01 3.486238532110091626e+01 0.000000000000000000e+00 0.000000000000000000e+00 3.119266055045871511e+01
4.257425742574257299e+01 2.134213421342134254e+01 0.000000000000000000e+00 7.700770077007700332e-01 3.531353135313531055e+01
3.435114503816794240e+01 3.180661577608142565e+01 0.000000000000000000e+00 0.000000000000000000e+00 3.384223918575063550e+01
6.829268292682927211e+01 7.317073170731707599e+00 0.000000000000000000e+00 0.000000000000000000e+00 2.439024390243902474e+01
3.646055437100213226e+01 2.878464818763326249e+01 0.000000000000000000e+00 0.000000000000000000e+00 3.475479744136460880e+01
9.795918367346938282e+01 0.000000000000000000e+00 0.000000000000000000e+00 0.000000000000000000e+00 2.040816326530612290e+00
4.521384928716904028e+01 1.221995926680244438e+01 0.000000000000000000e+00 0.000000000000000000e+00 4.256619144602851179e+01
1.000000000000000000e+02 0.000000000000000000e+00 0.000000000000000000e+00 0.000000000000000000e+00 0.000000000000000000e+00
6.289473684210526017e+01 5.789473684210526550e+00 0.000000000000000000e+00 5.263157894736841813e-01 3.078947368421052744e+01
5.120481927710843451e+01 6.927710843373493965e+00 0.000000000000000000e+00 0.000000000000000000e+00 4.186746987951806886e+01
5.801418439716312037e+01 8.510638297872340274e+00 0.000000000000000000e+00 0.000000000000000000e+00 3.347517730496453936e+01
3.420074349442379003e+01 2.899628252788103921e+01 0.000000000000000000e+00 0.000000000000000000e+00 3.680297397769516721e+01
7.596153846153846700e+01 1.923076923076923184e-01 0.000000000000000000e+00 0.000000000000000000e+00 2.384615384615384670e+01
1.000000000000000000e+02 0.000000000000000000e+00 0.000000000000000000e+00 0.000000000000000000e+00 0.000000000000000000e+00
8.141025641025640880e+01 1.923076923076923128e+00 0.000000000000000000e+00 0.000000000000000000e+00 1.666666666666666785e+01
9.539895165987186942e+01 9.900990099009900902e-01 0.000000000000000000e+00 5.824111822947000694e-02 3.552708211997670507e+00
7.603773584905660243e+01 3.584905660377358583e+00 0.000000000000000000e+00 0.000000000000000000e+00 2.037735849056603854e+01
9.985007496251874670e+01 0.000000000000000000e+00 0.000000000000000000e+00 0.000000000000000000e+00 1.499250374812593767e-01
1.000000000000000000e+02 0.000000000000000000e+00 0.000000000000000000e+00 0.000000000000000000e+00 0.000000000000000000e+00
1.000000000000000000e+02 0.000000000000000000e+00 0.000000000000000000e+00 0.000000000000000000e+00 0.000000000000000000e+00
1.000000000000000000e+02 0.000000000000000000e+00 0.000000000000000000e+00 0.000000000000000000e+00 0.000000000000000000e+00
1.000000000000000000e+02 0.000000000000000000e+00 0.000000000000000000e+00 0.000000000000000000e+00 0.000000000000000000e+00
1.000000000000000000e+02 0.000000000000000000e+00 0.000000000000000000e+00 0.000000000000000000e+00 0.000000000000000000e+00
1.000000000000000000e+02 0.000000000000000000e+00 0.000000000000000000e+00 0.000000000000000000e+00 0.000000000000000000e+00
1.000000000000000000e+02 0.000000000000000000e+00 0.000000000000000000e+00 0.000000000000000000e+00 0.000000000000000000e+00
1.000000000000000000e+02 0.000000000000000000e+00 0.000000000000000000e+00 0.000000000000000000e+00 0.000000000000000000e+00
1.000000000000000000e+02 0.000000000000000000e+00 0.000000000000000000e+00 0.000000000000000000e+00 0.000000000000000000e+00
1.000000000000000000e+02 0.000000000000000000e+00 0.000000000000000000e+00 0.000000000000000000e+00 0.000000000000000000e+00
1.000000000000000000e+02 0.000000000000000000e+00 0.000000000000000000e+00 0.000000000000000000e+00 0.000000000000000000e+00
2.375690607734806647e+01 1.933701657458563616e+01 1.408839779005524839e+01 2.265193370165745890e+01 2.016574585635359185e+01
2.345679012345679126e+01 2.422839506172839563e+01 8.333333333333333925e+00 2.052469135802468969e+01 2.345679012345679126e+01
2.146226415094339757e+01 1.839622641509433976e+01 1.792452830188679158e+01 2.169811320754716988e+01 2.051886792452830122e+01
2.770605759682224445e+01 3.028798411122145140e+01 0.000000000000000000e+00 1.459781529294935432e+01 2.740814299900695161e+01
2.641509433962264097e+01 1.698113207547169878e+01 5.660377358490565669e+00 2.452830188679245182e+01 2.641509433962264097e+01
2.585365853658536750e+01 2.715447154471544877e+01 3.197831978319783275e+00 1.674796747967479504e+01 2.704607046070460541e+01
2.295514511873350827e+01 2.585751978891820713e+01 4.485488126649076257e+00 2.585751978891820713e+01 2.084432717678100389e+01
5.246662797446314386e+01 1.398723157283807339e+01 0.000000000000000000e+00 0.000000000000000000e+00 3.354614045269877920e+01
2.572115384615384670e+01 2.379807692307692335e+01 2.403846153846153744e+00 2.403846153846154010e+01 2.403846153846154010e+01
1.000000000000000000e+02 0.000000000000000000e+00 0.000000000000000000e+00 0.000000000000000000e+00 0.000000000000000000e+00
2.368932038834951470e+01 2.213592233009708821e+01 0.000000000000000000e+00 2.990291262135922423e+01 2.427184466019417641e+01
2.670157068062827221e+01 2.513089005235602258e+01 0.000000000000000000e+00 2.356020942408376939e+01 2.460732984293193581e+01
2.988505747126436773e+01 2.011494252873563227e+01 5.747126436781608838e-01 2.126436781609195492e+01 2.816091954022988375e+01
4.102564102564102910e+01 2.564102564102564230e+01 0.000000000000000000e+00 1.538461538461538503e+01 1.794871794871794890e+01
2.839999999999999858e+01 2.639999999999999858e+01 0.000000000000000000e+00 1.440000000000000036e+01 3.080000000000000071e+01
3.310344827586207117e+01 2.482758620689655160e+01 0.000000000000000000e+00 9.655172413793103203e+00 3.241379310344827758e+01
2.963549920760697276e+01 2.646592709984152236e+01 3.169572107765451507e-01 1.695721077654516762e+01 2.662440570522979399e+01
3.207547169811320487e+01 3.190394511149228052e+01 0.000000000000000000e+00 5.660377358490565669e+00 3.036020583190394362e+01
5.712936732766760883e+01 8.309726156751652937e+00 0.000000000000000000e+00 0.000000000000000000e+00 3.456090651558074001e+01
3.025210084033613356e+01 3.613445378151260456e+01 0.000000000000000000e+00 3.361344537815126099e+00 3.025210084033613356e+01
3.460317460317460103e+01 3.333333333333333570e+01 0.000000000000000000e+00 0.000000000000000000e+00 3.206349206349206327e+01
2.083333333333333215e+01 3.333333333333333570e+01 0.000000000000000000e+00 4.166666666666666963e+00 4.166666666666666430e+01
2.042253521126760418e+01 2.183098591549295620e+01 1.971830985915492818e+01 2.042253521126760418e+01 1.760563380281690016e+01
2.581818181818181657e+01 2.400000000000000000e+01 1.818181818181818121e+00 2.472727272727272663e+01 2.363636363636363669e+01
2.968750000000000000e+01 4.062500000000000000e+01 0.000000000000000000e+00 0.000000000000000000e+00 2.968750000000000000e+01
4.027149321266968229e+01 2.941176470588235148e+01 0.000000000000000000e+00 0.000000000000000000e+00 3.031674208144796268e+01
1.000000000000000000e+02 0.000000000000000000e+00 0.000000000000000000e+00 0.000000000000000000e+00 0.000000000000000000e+00
3.430656934306569639e+01 3.114355231143552416e+01 0.000000000000000000e+00 1.703163017031630089e+00 3.284671532846715536e+01
4.003984063745019739e+01 2.151394422310756838e+01 0.000000000000000000e+00 7.968127490039840222e-01 3.764940239043824732e+01
6.026315789473684248e+01 1.000000000000000000e+01 0.000000000000000000e+00 5.263157894736841813e-01 2.921052631578947256e+01
4.153297682709447258e+01 1.319073083778966193e+01 0.000000000000000000e+00 0.000000000000000000e+00 4.527629233511586193e+01
7.204819277108433084e+01 6.265060240963855165e+00 0.000000000000000000e+00 0.000000000000000000e+00 2.168674698795180689e+01
9.554896142433234729e+01 1.335311572700296656e+00 0.000000000000000000e+00 2.967359050445103619e-01 2.818991097922848521e+00
7.712519319938175499e+01 9.273570324574961221e-01 0.000000000000000000e+00 0.000000000000000000e+00 2.194744976816074100e+01
9.819819819819819884e+01 4.504504504504504570e-01 0.000000000000000000e+00 0.000000000000000000e+00 1.351351351351351315e+00
1.000000000000000000e+02 0.000000000000000000e+00 0.000000000000000000e+00 0.000000000000000000e+00 0.000000000000000000e+00
3.138686131386861433e+01 2.408759124087591275e+01 0.000000000000000000e+00 1.605839416058394065e+01 2.846715328467153228e+01
1.000000000000000000e+02 0.000000000000000000e+00 0.000000000000000000e+00 0.000000000000000000e+00 0.000000000000000000e+00
9.812606473594549072e+01 3.407155025553662564e-01 0.000000000000000000e+00 0.000000000000000000e+00 1.533219761499148293e+00
1.000000000000000000e+02 0.000000000000000000e+00 0.000000000000000000e+00 0.000000000000000000e+00 0.000000000000000000e+00
1.000000000000000000e+02 0.000000000000000000e+00 0.000000000000000000e+00 0.000000000000000000e+00 0.000000000000000000e+00
1.000000000000000000e+02 0.000000000000000000e+00 0.000000000000000000e+00 0.000000000000000000e+00 0.000000000000000000e+00
1.000000000000000000e+02 0.000000000000000000e+00 0.000000000000000000e+00 0.000000000000000000e+00 0.000000000000000000e+00
1.000000000000000000e+02 0.000000000000000000e+00 0.000000000000000000e+00 0.000000000000000000e+00 0.000000000000000000e+00
4.495412844036697209e+01 3.119266055045871511e+01 0.000000000000000000e+00 0.000000000000000000e+00 2.385321100917431281e+01
2.982885085574572059e+01 3.349633251833741099e+01 0.000000000000000000e+00 0.000000000000000000e+00 3.667481662591686842e+01
1.000000000000000000e+02 0.000000000000000000e+00 0.000000000000000000e+00 0.000000000000000000e+00 0.000000000000000000e+00
6.315789473684210265e+01 4.306220095693779726e+00 0.000000000000000000e+00 0.000000000000000000e+00 3.253588516746411585e+01
1.000000000000000000e+02 0.000000000000000000e+00 0.000000000000000000e+00 0.000000000000000000e+00 0.000000000000000000e+00
1.000000000000000000e+02 0.000000000000000000e+00 0.000000000000000000e+00 0.000000000000000000e+00 0.000000000000000000e+00
1.000000000000000000e+02 0.000000000000000000e+00 0.000000000000000000e+00 0.000000000000000000e+00 0.000000000000000000e+00
1.000000000000000000e+02 0.000000000000000000e+00 0.000000000000000000e+00 0.000000000000000000e+00 0.000000000000000000e+00
1.000000000000000000e+02 0.000000000000000000e+00 0.000000000000000000e+00 0.000000000000000000e+00 0.000000000000000000e+00
1.000000000000000000e+02 0.000000000000000000e+00 0.000000000000000000e+00 0.000000000000000000e+00 0.000000000000000000e+00
1.750663129973474952e+01 2.201591511936339529e+01 1.856763925729443088e+01 1.856763925729443088e+01 2.334217506631299699e+01
2.240566037735849036e+01 2.311320754716981085e+01 1.533018867924528372e+01 1.792452830188679158e+01 2.122641509433962170e+01
2.484939759036144480e+01 2.364457831325301029e+01 2.560240963855421548e+00 2.846385542168674831e+01 2.048192771084337238e+01
2.639405204460966559e+01 2.602230483271375405e+01 2.354399008674101790e+00 2.329615861214374206e+01 2.193308550185873429e+01
2.967741935483870819e+01 2.548387096774193594e+01 0.000000000000000000e+00 1.516129032258064591e+01 2.967741935483870819e+01
2.094240837696334978e+01 2.547993019197207687e+01 1.047120418848167489e+01 2.146596858638743299e+01 2.164048865619546191e+01
2.632755729457797500e+01 2.615986584684181082e+01 3.801006148686417063e+00 1.811067635550586985e+01 2.560089435438792549e+01
3.495605138607167106e+01 2.650439486139283218e+01 0.000000000000000000e+00 5.747126436781608838e+00 3.279242731575389058e+01
2.712418300653594727e+01 2.679738562091503340e+01 0.000000000000000000e+00 2.140522875816993320e+01 2.467320261437908613e+01
4.736842105263158231e+01 1.052631578947368496e+01 0.000000000000000000e+00 7.518796992481202590e-01 4.135338345864661846e+01
3.177777777777777857e+01 3.022222222222222143e+01 0.000000000000000000e+00 3.777777777777777679e+00 3.422222222222222143e+01
2.728658536585365724e+01 2.713414634146341342e+01 0.000000000000000000e+00 1.661585365853658658e+01 2.896341463414634276e+01
3.768400392541707333e+01 2.276741903827281632e+01 0.000000000000000000e+00 0.000000000000000000e+00 3.954857703631010679e+01
2.327586206896551602e+01 1.896551724137930961e+01 1.896551724137930961e+01 1.810344827586206762e+01 2.068965517241379359e+01
2.245283018867924696e+01 2.924528301886792292e+01 2.075471698113207530e+00 2.264150943396226268e+01 2.358490566037735903e+01
8.636032093362508988e+01 7.293946024799417005e-01 0.000000000000000000e+00 0.000000000000000000e+00 1.291028446389496764e+01
1.000000000000000000e+02 0.000000000000000000e+00 0.000000000000000000e+00 0.000000000000000000e+00 0.000000000000000000e+00
3.493788819875776142e+01 3.260869565217391397e+01 0.000000000000000000e+00 0.000000000000000000e+00 3.245341614906832461e+01
6.267682263329706416e+01 5.984766050054407316e+00 0.000000000000000000e+00 0.000000000000000000e+00 3.133841131664853208e+01
6.162790697674418539e+01 3.720930232558139483e+00 0.000000000000000000e+00 2.325581395348837177e-01 3.441860465116278789e+01
3.571428571428571530e+01 3.750000000000000000e+01 0.000000000000000000e+00 0.000000000000000000e+00 2.678571428571428470e+01
